origin: 38.936829,-74.861964
mindist: 100
lonleft: 35
lonspan: 237
